
#From GLoVe file:

modern -0.028633 0.31988 -0.96725 -0.09544 -0.26941 0.11612 -0.23108 -1.1441 -0.70938 0.45959 0.41907 -0.0053053 0.44005 0.2262 -0.46838 0.20649 -0.061823 0.99877 -0.30061 0.13295 0.11968 -0.23296 -1.0298 0.42153 0.80171 -1.3953 -1.7382 -0.46888 0.087799 -0.14801 3.0259 -0.744 0.19867 -0.84722 0.21067 0.49178 -0.21644 0.80153 -0.79373 0.77759 0.056637 -0.10053 0.7877 0.21747 0.034979 1.158 0.16062 -0.33768 -0.17131 -0.49969
fans -0.28285 0.34151 0.23447 -0.30231 -0.031071 -1.0431 -1.4055 0.66233 -1.4953 0.97007 0.055138 -0.39016 -0.014622 -0.40974 1.3717 -0.2675 0.38763 0.58738 -1.3843 -1.2964 -0.67156 0.45241 -0.025596 0.86562 0.20373 -1.1942 -0.291 0.32527 0.097193 -1.1473 2.5845 1.6283 0.4105 -0.57414 -0.72378 0.42034 0.35648 -0.82227 -0.56206 -0.76289 0.52827 0.22602 -0.85054 0.89735 0.68182 0.25913 -0.77229 -0.070548 -0.92152 -0.74641
commercial 0.52029 0.0036254 -0.0072793 0.70792 -0.42882 -0.010195 -1.283 -0.82059 0.9342 0.42441 0.24364 0.2847 0.31132 0.41966 -0.27992 0.20349 -0.02576 0.79557 -0.34576 -0.26437 1.6529 -0.20901 -0.68036 0.18625 -0.43672 -1.0544 -0.083639 0.11735 0.68884 0.20974 3.2564 -0.03164 0.46439 -0.087774 0.27036 0.043023 -0.34769 -0.040078 -0.8151 0.17002 -0.067881 -0.14425 0.48078 0.14452 -0.25736 -0.32657 -0.82513 0.44992 0.34643 0.13387
bid 0.76789 -0.067233 0.4531 0.96505 -0.15841 0.4327 -0.49203 0.49794 -0.19198 0.55338 -0.23396 -0.34721 -0.47091 -0.21079 0.18372 0.70591 0.51726 -0.39791 -0.70437 -0.25976 1.0692 -0.085624 -0.66257 -0.59113 -0.68551 -1.8398 0.51206 -0.36999 -0.3006 0.26613 2.3136 0.85488 -1.3163 0.54182 -0.11545 -1.1327 -0.67326 0.08254 -0.26818 -1.6244 0.11019 -0.31766 0.070608 -0.30029 -0.17792 0.22005 -0.61652 0.86451 0.30947 -0.38101
provided 0.52014 0.38829 0.11381 -0.095386 0.068108 0.097393 -0.76423 -0.074335 0.57425 -0.15391 -0.039255 0.2849 0.33124 -0.38627 -0.14163 -0.23956 -0.21116 -0.090305 0.18066 -0.50338 0.59891 0.19354 -0.012534 -0.44503 -0.16047 -0.8678 -0.072748 -0.34815 -0.053666 0.0037205 3.212 -0.24305 -0.0017586 -0.73027 0.64888 0.62735 0.45945 0.24528 -0.3262 -0.10301 0.7031 -0.017958 0.080254 0.0027417 -0.47416 -0.20116 -0.30988 0.84034 -0.029246 0.18248
constitution -1.6496 0.047368 -0.43291 0.14759 -0.087895 0.28754 -0.29886 -0.92658 -0.2204 -1.062 -0.49261 0.14111 -0.32962 0.14287 0.56948 0.30479 -0.71092 -1.658 1.5193 0.31669 -0.19283 0.076937 -0.038745 0.17595 0.017539 -1.4074 -0.061173 -0.95233 0.50176 0.29388 2.1895 -0.74902 -2.3999 -0.39563 -0.669 -0.60377 0.54745 -0.18441 -0.46478 0.33068 0.08381 -0.25434 0.69937 0.29538 -1.8106 2.0134 -0.52641 0.0052864 -0.17509 -0.11853
dropped -0.73441 -0.66014 0.98143 0.25927 0.67375 0.37267 -0.77789 -0.42577 -0.16257 0.072154 0.43856 -0.58443 -0.55185 -0.27216 0.46056 0.12903 -1.1517 -0.55703 -1.4038 -0.40751 0.42245 0.13364 0.35664 -0.84194 -0.47947 -1.2175 0.69577 0.15386 0.29503 0.18022 2.7856 0.037798 0.66953 0.70809 0.60177 -0.74071 0.17916 0.019606 0.33512 -0.55194 -0.27973 0.10908 0.60234 -0.13575 -0.046738 -0.11454 -0.018279 -0.11552 0.38034 -0.31104
brother 0.38241 0.56538 0.17174 -0.32832 1.1811 0.64141 -0.75489 0.76061 -0.84549 0.067996 0.40488 1.3168 -1.039 -0.36122 0.74153 -0.20821 -0.46036 0.030236 -0.2302 0.59638 -0.48645 0.69894 0.16648 0.21533 0.2518 -2.0648 -0.20365 -1.1691 -0.1263 0.1645 1.5242 -0.32779 -0.42933 -0.11819 0.77706 0.26428 -0.0004162 0.41256 0.34926 0.24193 -0.09411 1.1235 -0.8575 -0.47789 0.45681 -0.23303 -0.93793 -1.7232 0.091327 0.19521
canadian -1.3156 0.32637 -0.26136 0.2245 0.1606 0.54859 -1.4823 0.11134 0.56203 -0.73024 1.0907 0.14896 0.5381 0.70565 0.059538 -0.26862 0.39618 -0.047937 -1.1397 -0.3358 0.847 0.2914 -0.39779 0.31489 -0.58002 -1.3253 -0.47449 -0.8454 -0.60191 0.64494 2.0943 -0.34479 0.0082923 -0.15634 0.20007 -0.44347 -0.17446 -0.47847 -0.096943 -0.41283 0.29901 0.25059 1.1155 -0.95187 -0.09604 0.018788 -0.92339 0.2649 -0.021092 0.02992

# Embedded text of data set (beginning In//0 modern//0 molecular//0 biology//0 and//0 genetics//0 ,//0 the//0 genome//0 is//0 the//0 genetic//0 material//0 of//0 an//0 organism//0 .//0 )
>>> embedded_text_input[0][1]
tensor([-0.0286,  0.3199, -0.9672, -0.0954, -0.2694,  0.1161, -0.2311, -1.1441,
        -0.7094,  0.4596,  0.4191, -0.0053,  0.4401,  0.2262, -0.4684,  0.2065,
        -0.0618,  0.9988, -0.3006,  0.1329,  0.1197, -0.2330, -1.0298,  0.4215,
         0.8017, -1.3953, -1.7382, -0.4689,  0.0878, -0.1480,  3.0259, -0.7440,
         0.1987, -0.8472,  0.2107,  0.4918, -0.2164,  0.8015, -0.7937,  0.7776,
         0.0566, -0.1005,  0.7877,  0.2175,  0.0350,  1.1580,  0.1606, -0.3377,
        -0.1713, -0.4997])
>>> 



